-1
-1
-1
-1
-1
-1
-1
-1
1
1
1
1
1
1
1
1
1
1
1
1
1
1
1
1
5
5
5
5
5
5
5
5
8
8
8
8
8
8
8
8
4
4
4
4
4
4
4
4
3
3
3
3
3
3
3
3
-1
-1
-1
-1
-1
-1
-1
-1
-2
-2
-2
-2
-2
-2
-2
-2
2
2
2
2
2
2
2
2
12
12
12
12
12
12
12
12
4
4
4
4
4
4
4
4
2
2
2
2
2
2
2
2
2
2
2
2
2
2
2
2
1
1
1
1
1
1
1
1
1
1
1
1
1
1
1
1
2
2
2
2
2
2
2
2
6
6
6
6
6
6
6
6
5
5
5
5
5
5
5
5
2
2
2
2
2
2
2
2
-1
-1
-1
-1
-1
-1
-1
-1
8
8
8
8
8
8
8
8
0
0
0
0
0
0
0
0
1
1
1
1
1
1
1
1
1
1
1
1
1
1
1
1
3
3
3
3
3
3
3
3
3
3
3
3
3
3
3
3
-5
-5
-5
-5
-5
-5
-5
-5
6
6
6
6
6
6
6
6
3
3
3
3
3
3
3
3
0
0
0
0
0
0
0
0
-5
-5
-5
-5
-5
-5
-5
-5
-4
-4
-4
-4
-4
-4
-4
-4
-2
-2
-2
-2
-2
-2
-2
-2
-6
-6
-6
-6
-6
-6
-6
-6
-5
-5
-5
-5
-5
-5
-5
-5
-3
-3
-3
-3
-3
-3
-3
-3
-6
-6
-6
-6
-6
-6
-6
-6
0
0
0
0
0
0
0
0
-3
-3
-3
-3
-3
-3
-3
-3
-4
-4
-4
-4
-4
-4
-4
-4
-14
-14
-14
-14
-14
-14
-14
-14
-13
-13
-13
-13
-13
-13
-13
-13
0
0
0
0
0
0
0
0
5
5
5
5
5
5
5
5
-2
-2
-2
-2
-2
-2
-2
-2
-6
-6
-6
-6
-6
-6
-6
-6
1
1
1
1
1
1
1
1
-4
-4
-4
-4
-4
-4
-4
-4
-1
-1
-1
-1
-1
-1
-1
-1
-6
-6
-6
-6
-6
-6
-6
-6
-14
-14
-14
-14
-14
-14
-14
-14
-12
-12
-12
-12
-12
-12
-12
-12
-9
-9
-9
-9
-9
-9
-9
-9
0
0
0
0
0
0
0
0
1
1
1
1
1
1
1
1
5
5
5
5
5
5
5
5
1
1
1
1
1
1
1
1
5
5
5
5
5
5
5
5
9
9
9
9
9
9
9
9
-5
-5
-5
-5
-5
-5
-5
-5
-6
-6
-6
-6
-6
-6
-6
-6
0
0
0
0
0
0
0
0
-3
-3
-3
-3
-3
-3
-3
-3
2
2
2
2
2
2
2
2
0
0
0
0
0
0
0
0
5
5
5
5
5
5
5
5
3
3
3
3
3
3
3
3
-3
-3
-3
-3
-3
-3
-3
-3
1
1
1
1
1
1
1
1
-3
-3
-3
-3
-3
-3
-3
-3
-5
-5
-5
-5
-5
-5
-5
-5
1
1
1
1
1
1
1
1
0
0
0
0
0
0
0
0
-3
-3
-3
-3
-3
-3
-3
-3
3
3
3
3
3
3
3
3
0
0
0
0
0
0
0
0
-3
-3
-3
-3
-3
-3
-3
-3
-6
-6
-6
-6
-6
-6
-6
-6
-3
-3
-3
-3
-3
-3
-3
-3
-3
-3
-3
-3
-3
-3
-3
-3
-2
-2
-2
-2
-2
-2
-2
-2
-2
-2
-2
-2
-2
-2
-2
-2
-5
-5
-5
-5
-5
-5
-5
-5
-8
-8
-8
-8
-8
-8
-8
-8
-10
-10
-10
-10
-10
-10
-10
-10
-11
-11
-11
-11
-11
-11
-11
-11
-9
-9
-9
-9
-9
-9
-9
-9
-3
-3
-3
-3
-3
-3
-3
-3
-4
-4
-4
-4
-4
-4
-4
-4
2
2
2
2
2
2
2
2
2
